128.41 0.46 9.0 3.7
128.17 -1.88 10.0 3.7
128.22 -2.23 122.0 3.7
128.24 -1.93 19.0 3.6
128.11 -1.9 28.0 4.7
128.4 -1.85 10.0 4.2
128.27 -1.91 15.0 2.9
128.29 2.98 10.0 3.4
128.31 -1.92 23.0 3.3
126.52 1.66 3.0 3.8
126.51 3.09 10.0 4.3
126.8 1.19 32.0 2.7
126.52 1.74 10.0 3.5
125.43 -0.17 11.0 3.3
127.25 1.59 140.0 3.6
128.51 2.44 5.0 4.3
126.34 1.62 10.0 3.3
128.15 -2.23 39.0 4.0
128.49 1.78 14.0 3.5
125.9 0.74 10.0 3.5
125.17 0.46 3.0 3.1
126.32 1.45 14.0 3.2
127.79 0.94 8.0 3.2
126.18 1.23 38.0 2.9
126.29 1.14 86.0 3.2
126.76 1.12 10.0 3.1
125.59 0.74 13.0 4.5
126.28 1.23 24.0 2.9
126.89 2.54 16.0 3.1
127.19 1.74 106.0 4.8
126.66 -0.05 10.0 3.4
128.84 1.01 8.0 4.2
126.16 2.36 23.0 4.2
125.54 -0.08 10.0 3.6
124.21 1.03 10.0 2.5
125.06 0.39 14.0 3.9
127.96 2.8 13.0 4.2
125.6 0.9 23.0 3.8
126.25 0.73 14.0 4.4
125.88 0.68 750.0 3.4
124.86 -0.26 10.0 3.5
128.7 2.73 239.0 4.7
125.86 1.08 31.0 3.6
126.84 2.28 18.0 3.9
126.94 1.96 78.0 4.0
127.18 1.83 80.0 3.0
129.23 0.61 10.0 4.0
127.07 2.55 8.0 3.4
129.23 2.21 8.0 4.9
126.99 -0.83 34.0 3.3
126.8 -0.37 213.0 3.2
128.24 2.71 12.0 3.3
127.18 0.24 133.0 3.5
127.25 1.85 17.0 4.2
125.88 3.09 132.0 3.9
125.63 0.96 11.0 3.2
127.24 1.65 103.0 4.1
129.28 2.16 10.0 4.7
129.21 2.18 10.0 4.3
125.93 3.3 160.0 3.9
129.22 2.18 17.0 4.8
126.71 -0.59 10.0 4.0
127.63 2.59 127.0 3.9
125.37 0.65 10.0 3.0
126.91 1.1 7.0 3.9
125.55 0.31 13.0 3.4
125.27 0.37 11.0 2.7
127.37 0.43 13.0 2.5
126.7 1.04 70.0 3.2
125.83 4.36 79.0 4.8
127.05 1.59 110.0 2.9
127.39 1.82 102.0 3.6
128.18 1.38 71.0 3.9
127.69 1.13 7.0 2.6
124.32 -0.02 25.0 2.5
128.9 3.06 10.0 4.3
128.35 -1.9 11.0 4.3
127.42 1.2 133.0 3.8
126.64 1.56 22.0 3.2
126.73 -0.01 10.0 3.0
127.0 1.88 99.0 3.7
128.25 2.18 10.0 3.66
126.86 1.09 46.0 3.1
